-1 6
-2 7
-3 218
-4 32
-5 514
-6 897
-7 71
-8 205
-9 338
-10 331
-11 87
-12 6 218
-13 6 11
-14 6 7
-15 1348
-16 5093
-17 5092 5093
-18 5092
-19 1194
-20 265
-21 1437
-22 1327
-23 1346
-24 4833
-25 4837
-26 4839
-27 4840
-28 4841
-29 4836
-30 1347
-31 1429
-32 1351
-33 1338
-34 1338 1346
-35 1304
-36 1247
-37 1304 1327
-38 1327 1338
-39 1282
-40 1257
-41 1282 1304
-42 1327 1346
-43 5093 5101
-44 6 650
-45 1225
-46 1236
-47 1236 1282
-48 1293
-49 1257 1282
-50 1247 1282
-51 1282 1293
-52 1271
-53 1236 1247
-54 1260
-55 1351 1437
-56 276
-57 1417
-58 1395
-59 1236 1257
-60 1351 1436 1437
-61 1436
-62 1305 1351 1437
-63 5101
-64 4836 4837
-65 4833 5093
-66 4837 5093
-67 4839 5093
-68 4833 4837
-69 4837 5101
-70 4837 5092
-71 4834
-72 4836 5093
-73 1428
-74 1257 1351 1437
-75 1257 1351
-76 1247 1351
-77 218 5093
-78 4838
-79 1225 1417
-80 1247 1417
-81 1225 1247
-82 1214
-83 1351 1436
-84 1247 1351 1437
-85 211
-86 1305
-87 1236 1437
-88 1395 1417
-89 1236 1417
-90 1406
-91 1417 1437
-92 1428 1437
-93 1395 1437
-94 1225 1437
-95 218 4836
-96 4834 4836
-97 4836 5093 5101
-98 6 4836
-99 4833 4836
-100 4834 5093
-101 6 5093
-102 6 1437
-103 1436 1437
-104 218 1437
-105 1305 1437
-106 40
-107 1052
-108 1956
-109 512
-110 321
-111 2331
-112 400
-113 1384
-114 399
-115 327
-116 327 331
-117 6 327 331
-118 6 327 331 338
-119 6 331
-120 6 327 331 333
-121 6 327 331 337
-122 6 327 331 334 337
-123 337
-124 6 337
-125 6 331 337
-126 6 327 331 333 337
-127 327 337
-128 327 331 337
-129 6 327 331 337 338
-130 335
-131 6 335
-132 6 331 335
-133 6 327 331 335
-134 6 327 331 335 337
-135 6 327 331 334
-136 6 327 331 334 335
-137 6 325 327 331 337
-138 6 325 327 331 335
-139 6 325 327 331
-140 331 337
-141 6 331 337 338
-142 6 331 338
-143 6 331 335 337
-144 6 331 334
-145 6 331 334 335
-146 6 327
-147 327 335
-148 6 327 335
-149 6 326 327 331 337
-150 6 326 327 331
-151 6 331 333
-152 6 331 334 337
-153 6 331 333 337
-154 6 327 333
-155 6 327 338
-156 6 327 337
-157 6 325 327
-158 6 338
-159 6 333
-160 6 327 334 337
-161 6 327 333 337
-162 6 327 337 338
-163 6 325 327 337
-164 6 337 338
-165 6 333 337
-166 6 334 337
-167 6 326 327
-168 6 327 335 337
-169 6 326 327 337
-170 6 334
-171 6 334 335
-172 6 335 338
-173 6 335 337
-174 6 327 334
-175 6 327 334 335
-176 6 327 335 338
-177 6 326 327 335
-178 6 325 327 335
-179 6 332
-180 6 327 331 335 338
-181 6 327 331 333 335
-182 331 335
-183 6 331 333 335
-184 6 331 335 338
-185 6 333 335
-186 6 327 333 335
-187 6 326 335
-188 6 326
-189 6 325
-190 6 325 335
-191 6 327 332
-192 6 327 330 331
-193 6 330 331
-194 6 330
-195 6 324
-196 327 331 337 338
-197 327 331 335
-198 327 331 335 337
-199 327 331 334
-200 327 331 334 335
-201 327 331 338
-202 326 327 331
-203 327 331 333
-204 327 331 334 337
-205 327 331 333 337
-206 325 327 331
-207 331 335 337
-208 331 334
-209 331 334 335
-210 331 338
-211 331 333
-212 331 334 337
-213 331 333 337
-214 331 337 338
-215 325 327 331 337
-216 325 327 331 335
-217 327 337 338
-218 326 327 337
-219 327 333 337
-220 325 327 337
-221 337 338
-222 333 337
-223 327 338
-224 326 327
-225 327 333
-226 325 327
-227 327 333 335
-228 333
-229 327 334 337
-230 334 337
-231 327 335 337
-232 335 337
-233 334
-234 334 335
-235 327 334
-236 327 334 335
-237 327 335 338
-238 326 327 335
-239 325 327 335
-240 335 338
-241 326 327 331 337
-242 331 333 335
-243 331 335 338
-244 327 331 335 338
-245 327 331 333 335
-246 333 335
-247 326 335
-248 326
-249 325
-250 325 335
-251 327 332
-252 332
-253 327 330 331
-254 330 331
-255 327 331 332
-256 330
-257 6 336
-258 6 335 336
-259 336
-260 335 336
-261 1065
-262 6 1065
-263 1065 1545
-264 1065 1544
-265 1519
-266 529 1519
-267 514 1519
-268 1134 1519
-269 529
-270 529 1134
-271 514 529
-272 6 529
-273 1134
-274 6 1519
-275 525 1519
-276 529 530
-277 529 530 1134
-278 529 530 1134 2283
-279 530 1134
-280 514 529 530 1134
-281 530
-282 529 530 1134 1518
-283 1518
-284 529 1518
-285 529 530 1518
-286 529 530 1134 1518 2283
-287 514 529 530 1134 1518
-288 1134 1518
-289 530 1134 1518
-290 525 529 530 1134
-291 514 1134
-292 514 530 1134
-293 1134 2283
-294 529 1134 1518
-295 530 1518
-296 514 529 1134
-297 525 529 530 1134 1518
-298 6 529 530 1134
-299 530 1134 1519
-300 514 530 1134 1519
-301 525 530 1134 1519
-302 530 1519
-303 514 530
-304 530 1134 1519 2284
-305 530 2284
-306 530 1134 2284
-307 6 530 1134
-308 6 530
-309 514 530 1518
-310 530 1518 2283
-311 530 2283
-312 525 530
-313 2283
-314 514 529 1519
-315 529 1134 1519
-316 529 1519 2284
-317 525 529 1519
-318 529 2284
-319 1519 2284
-320 2284
-321 525
-322 526
-323 527
-324 514 1518
-325 1518 2283
-326 525 1518
-327 6 1518
-328 526 1518
-329 527 1519
-330 1519 2283
-331 526 1519
-332 325 331
-333 339
-334 6 339
-335 331 339
-336 334 338
-337 325 334
-338 325 333 334
-339 6 325 334
-340 333 334
-341 325 332 334
-342 325 338
-343 325 334 337
-344 6 334 338
-345 6 333 334
-346 6 325 333
-347 6 325 333 334
-348 325 334 338
-349 325 333
-350 6 325 338
-351 6 325 337
-352 325 337
-353 6 331 339
-354 6 338 339
-355 6 325 332
-356 325 332
-357 6 325 326
-358 326 339
-359 338 339
-360 6 325 334 338
-361 6 325 332 334
